46;47;48;49;50;51;53;54;55;56;57;58;59;60;61;62;64;66;69;70;71;73;74;75;76;77;78;79;138;139;141;188;189;190;193;194;195;196;325;327;349;326;363;358;359;362;350;360;361;
120;118;119;123;121;127;126;122;124;114;117;116;
113;115;110;111;109;125;106;108;112;83;
33;80;82;86;85;84;81;41;44;329;40;43;42;39;31;34;45;35;36;147;143;37;149;357;
38;68;67;200;65;146;145;144;165;151;169;187;168;211;199;197;63;198;213;212;167;186;214;215;164;185;184;72;275;328;
148;142;192;152;162;163;154;191;203;204;205;161;155;175;153;166;150;
174;216;217;179;218;220;182;183;180;177;173;170;172;171;219;356;
176;181;208;209;207;210;160;156;157;159;206;223;178;222;221;224;158;354;353;355;
226;225;229;228;232;231;230;233;227;234;235;340;339;
25;23;24;21;26;18;22;20;16;15;19;17;10;
1;52;131;130;132;128;133;134;7;8;14;9;13;11;129;0;136;137;12;4;5;6;3;2;135;
29;305;28;27;238;239;240;245;249;250;306;236;237;307;251;252;257;253;248;241;352;
246;242;244;243;247;255;254;256;262;263;264;265;266;
267;276;268;277;269;270;314;
260;30;32;258;311;313;312;315;271;273;272;261;259;
316;317;318;310;319;320;321;140;274;
322;323;324;
347;346;348;344;345;342;343;341;
284;285;286;289;292;291;290;288;287;
331;330;335;336;337;334;332;201;202;295;333;338;
309;304;308;302;303;297;298;299;293;294;296;300;301;
98;96;97;99;103;95;101;91;92;94;90;93;89;107;87;102;88;105;104;100;351;
278;279;282;283;281;280;

